,Age,Number of sexual partners,First sexual intercourse,Num of pregnancies,Smokes,Smokes (years),Smokes (packs/year),Hormonal Contraceptives,Hormonal Contraceptives (years),IUD,IUD (years),STDs,STDs (number),STDs:condylomatosis,STDs:cervical condylomatosis,STDs:vaginal condylomatosis,STDs:vulvo-perineal condylomatosis,STDs:syphilis,STDs:pelvic inflammatory disease,STDs:genital herpes,STDs:molluscum contagiosum,STDs:AIDS,STDs:HIV,STDs:Hepatitis B,STDs:HPV,STDs: Number of diagnosis,Dx:Cancer,Dx:CIN,Dx:HPV,Dx,Hinselmann,Schiller,Citology,Biopsy
0,40,1.0,20.0,2.0,0.0,0.0,0.0,1.0,15.0,0.0,0.0,0.0,0.0,0.0,0.0,0.0,0.0,0.0,0.0,0.0,0.0,0.0,0.0,0.0,0.0,0,1,0,1,0,1,1,0,1
1,38,2.0,15.0,4.0,0.0,0.0,0.0,1.0,16.0,0.0,0.0,0.0,0.0,0.0,0.0,0.0,0.0,0.0,0.0,0.0,0.0,0.0,0.0,0.0,0.0,0,1,0,1,0,0,1,0,1
2,29,2.0,18.0,4.0,0.0,0.0,0.0,0.0,0.0,0.0,0.0,0.0,0.0,0.0,0.0,0.0,0.0,0.0,0.0,0.0,0.0,0.0,0.0,0.0,0.0,0,1,0,1,1,0,1,1,1
3,19,1.0,18.0,1.0,0.0,0.0,0.0,1.0,1.0,0.0,0.0,0.0,0.0,0.0,0.0,0.0,0.0,0.0,0.0,0.0,0.0,0.0,0.0,0.0,0.0,0,1,0,1,1,1,1,1,1
4,21,2.0,18.0,3.0,0.0,0.0,0.0,0.0,0.0,1.0,3.0,0.0,0.0,0.0,0.0,0.0,0.0,0.0,0.0,0.0,0.0,0.0,0.0,0.0,0.0,0,1,0,1,1,1,1,0,1
5,38,3.0,22.0,2.0,0.0,1.0,0.0,1.0,3.0,1.0,6.0,0.0,0.0,0.0,0.0,0.0,0.0,0.0,0.0,0.0,0.0,0.0,0.0,0.0,0.0,0,1,0,1,1,0,1,0,0
6,33,3.0,19.0,3.0,0.0,0.0,0.0,1.0,0.16,1.0,3.0,0.0,0.0,0.0,0.0,0.0,0.0,0.0,0.0,0.0,0.0,0.0,0.0,0.0,0.0,0,1,0,1,1,1,1,0,1
7,52,5.0,16.0,4.0,1.0,37.0,37.0,1.0,3.0,0.0,0.0,0.0,0.0,0.0,0.0,0.0,0.0,0.0,0.0,0.0,0.0,0.0,0.0,0.0,0.0,0,1,0,1,0,0,0,0,0
8,45,1.0,20.0,5.0,0.0,0.0,0.0,0.0,0.0,0.0,0.0,0.0,0.0,0.0,0.0,0.0,0.0,0.0,0.0,0.0,0.0,0.0,0.0,0.0,0.0,0,1,0,1,1,0,0,0,0
9,27,5.0,19.0,2.0,0.0,0.0,0.0,1.0,3.0,0.0,0.0,0.0,0.0,0.0,0.0,0.0,0.0,0.0,0.0,0.0,0.0,0.0,0.0,0.0,0.0,0,1,0,1,1,0,0,1,0
10,31,3.0,19.0,1.0,0.0,0.0,0.0,0.0,0.0,1.0,7.0,0.0,0.0,0.0,0.0,0.0,0.0,0.0,0.0,0.0,0.0,0.0,0.0,0.0,0.0,0,1,0,0,1,0,0,0,0
11,31,2.0,19.0,2.0,0.0,0.0,0.0,1.0,9.0,0.0,0.0,0.0,0.0,0.0,0.0,0.0,0.0,0.0,0.0,0.0,0.0,0.0,0.0,0.0,0.0,0,1,0,1,1,0,0,1,0
12,27,6.0,17.0,2.0,0.0,0.0,0.0,0.0,0.0,0.0,0.0,0.0,0.0,0.0,0.0,0.0,0.0,0.0,0.0,0.0,0.0,0.0,0.0,0.0,0.0,0,1,0,1,1,0,0,0,0
13,41,3.0,18.0,5.0,0.0,0.0,0.0,1.0,1.0,1.0,4.0,0.0,0.0,0.0,0.0,0.0,0.0,0.0,0.0,0.0,0.0,0.0,0.0,0.0,0.0,0,1,0,1,1,0,0,0,0
14,27,2.0,14.0,3.0,0.0,0.0,0.0,1.0,1.0,0.0,0.0,0.0,0.0,0.0,0.0,0.0,0.0,0.0,0.0,0.0,0.0,0.0,0.0,0.0,0.0,0,1,0,1,1,0,0,0,0
15,36,3.0,20.0,2.0,0.0,0.0,0.0,1.0,6.0,0.0,0.0,1.0,1.0,0.0,0.0,0.0,0.0,0.0,0.0,0.0,0.0,0.0,0.0,0.0,1.0,1,1,0,1,1,0,0,0,0
16,31,3.0,19.0,1.0,0.0,0.0,0.0,1.0,0.08,1.0,8.0,0.0,0.0,0.0,0.0,0.0,0.0,0.0,0.0,0.0,0.0,0.0,0.0,0.0,0.0,0,1,0,0,1,0,0,0,0
17,32,3.0,18.0,1.0,1.0,11.0,0.16,1.0,6.0,0.0,0.0,1.0,1.0,0.0,0.0,0.0,0.0,0.0,0.0,0.0,0.0,0.0,0.0,0.0,1.0,0,1,0,1,0,0,0,0,0
